[world]

year 1198

[cities]

# city 1
name "Antioch"
center (418 242)
dev_urban 9
dev_rural 12
num_urban_cells 3
cells [(104 60), (104 61), (105 60), (105 59), (105 61), (104 62), (103 60), (104 59), (103 59), (103 58), (103 61)]
dev_tiles [(418 242), (417 243), (416 243), (419 243), (418 241), (418 243), (419 242), (418 244), (417 244), (420 236), (423 246), (416 250), (412 240), (416 236), (412 239), (413 232), (414 244), (418 249), (412 235), (416 238), (413 241)]
vacant_tiles [(419 241), (419 244), (417 245), (420 241), (420 242), (420 243), (421 243)]

# city 2
name "Edessa"
center (487 211)
dev_urban 15
dev_rural 15
num_urban_cells 4
cells [(121 52), (122 52), (122 53), (121 53), (121 51), (120 53), (123 52), (121 50), (124 52), (122 51), (123 51), (120 52), (122 54)]
dev_tiles [(487 211), (488 211), (489 210), (488 210), (490 212), (489 211), (489 212), (487 213), (487 212), (486 212), (488 212), (488 208), (491 210), (489 208), (487 210), (486 204), (482 215), (494 208), (484 200), (496 209), (490 205), (493 206), (482 211), (495 211), (487 204), (494 210), (482 209), (499 208), (497 208), (491 218)]
vacant_tiles [(486 211), (488 209), (489 209), (490 209), (490 210), (490 211), (491 211)]

# city 3
name "Damascus"
center (427 332)
dev_urban 20
dev_rural 30
num_urban_cells 4
cells [(106 83), (106 82), (107 83), (107 82), (108 83), (106 84), (108 82), (108 81), (107 84), (107 85), (109 82), (109 83), (105 83), (108 84), (105 82)]
dev_tiles [(427 332), (427 333), (425 334), (425 333), (426 332), (426 333), (426 331), (425 332), (427 330), (428 332), (426 334), (427 331), (428 334), (427 334), (429 332), (425 331), (429 333), (428 331), (428 333), (425 335), (433 335), (426 339), (432 328), (432 326), (430 337), (429 343), (439 328), (438 334), (432 330), (433 324), (428 339), (431 342), (430 340), (435 328), (420 333), (434 339), (420 335), (437 332), (436 329), (432 333), (435 333), (435 337), (435 331), (421 330), (421 328), (438 331), (431 343), (421 332), (423 328), (439 332)]
vacant_tiles [(424 333), (424 334), (424 335), (426 335), (428 329), (428 330), (429 330), (430 330), (429 331)]

# city 4
name "Jerusalem"
center (398 390)
dev_urban 22
dev_rural 18
num_urban_cells 4
cells [(99 97), (100 97), (99 98), (100 98), (99 99), (99 96), (100 96), (99 100), (101 98), (100 100), (100 95), (99 95), (100 94), (98 98)]
dev_tiles [(398 390), (397 390), (399 390), (397 389), (399 391), (397 391), (400 388), (400 390), (399 389), (399 392), (400 389), (401 392), (398 391), (397 394), (400 392), (397 392), (400 391), (398 393), (396 393), (400 393), (402 391), (396 389), (398 397), (397 384), (403 385), (398 403), (406 392), (400 403), (400 383), (398 381), (397 402), (404 393), (401 384), (396 386), (405 395), (398 385), (402 376), (392 394), (400 400), (407 395)]
vacant_tiles [(399 388), (398 389), (396 390), (396 391), (401 390), (401 391), (396 392), (398 392), (397 393), (399 393)]

# city 5
name "Aleppo"
center (445 242)
dev_urban 15
dev_rural 25
num_urban_cells 4
cells [(111 60), (110 60), (111 61), (110 61), (109 61), (110 62), (112 60), (110 59), (112 59), (108 61), (109 60), (109 59), (113 59), (111 59), (108 59), (108 62)]
dev_tiles [(445 242), (445 241), (444 241), (443 241), (445 240), (444 243), (446 241), (444 245), (443 242), (442 240), (442 244), (443 243), (444 240), (443 244), (442 241), (439 247), (442 251), (451 242), (442 236), (450 236), (435 247), (438 240), (439 238), (437 239), (436 236), (438 243), (441 237), (438 236), (440 251), (452 239), (444 237), (436 242), (450 243), (443 249), (435 245), (437 237), (452 237), (435 238), (432 248), (436 240)]
vacant_tiles [(444 242), (441 240), (443 240), (441 241), (441 242), (442 242), (442 243), (444 244), (444 246), (445 246), (445 247), (443 245)]

